0.6882317 0.677497 0.6869822 0.6777448 0.672209
0.6618748 0.6708259 0.6767407 0.6652732 0.667263
0.6638856 0.6624963 0.6658733 0.6656761 0.6644912
0.6636984 0.6623223 0.6589698 0.6609518 0.661543
0.6607513 0.660355 0.6641109 0.6581829 0.6566105
0.6568222 0.6542553 0.6538689 0.6508595 0.6512729
0.6496891 0.649512 0.6515062 0.655081 0.6562684
0.6538802 0.6524823 0.6526751 0.6532782 0.6534945
0.6536988 0.6540955 0.6535178 0.6523529
0.614786 0.6325434 0.6527735 0.6508227 0.6571947
0.6576005 0.6505002 0.6551724 0.6582278 0.6586683
0.6624888 0.6632836 0.6612999 0.6522652 0.649865
0.6524865 0.6488916 0.6511071 0.6511211 0.6474993
0.6481149 0.6495369 0.6491647 0.6507605 0.6505952
0.6503871 0.6501935 0.6500149 0.6500297 0.6502375
0.6510386 0.6502667 0.6493199 0.650517 0.650517
0.6505027 0.6511216 0.6515196 0.6523022 0.6515196
0.6515196 0.6513274 0.6525199 0.6521355
0.6709062 0.6530738 0.6579824 0.6520814 0.6620607
0.6592615 0.6538114 0.6570571 0.6566896 0.6542951
0.6548726 0.6536732 0.6536615 0.652304 0.6535127
0.6527322 0.6541331 0.6549673 0.6563615 0.6487294
0.6473054 0.6463378 0.6467424 0.6443515 0.6447368
0.6451805 0.646621 0.6488255 0.6502229 0.6512318
0.6506524 0.649674 0.6498666 0.6510802 0.6508736
0.6510802 0.6514928 0.6509016 0.6520969 0.6522895
0.6517119 0.6519043 0.6538915 0.6527492
0.6254851 0.6527607 0.6414392 0.6420366 0.6503067
0.6431421 0.6463042 0.6434676 0.6445728 0.6454352
0.6470944 0.6465257 0.6495933 0.6508413 0.6518607
0.6529025 0.6511071 0.6543284 0.6559428 0.6555522
0.6561477 0.6547513 0.6483089 0.6515513 0.6519535
0.6527571 0.6535597 0.6507605 0.6517724 0.6504017
0.6504162 0.6496285 0.6504162 0.6506096 0.6496133
0.6490342 0.6494202 0.6486486 0.6498516 0.6497041
0.6519043 0.6533019 0.6523529 0.6525449
0.6512524 0.6639926 0.6613789 0.6632745 0.6638831
0.6615064 0.6622951 0.6672608 0.6660714 0.6650789
0.6632866 0.6628844 0.6603212 0.6538922 0.6581069
0.6549148 0.6539151 0.6561099 0.6561099 0.6567164
0.6563338 0.6565476 0.6561477 0.6585366 0.6601307
0.6597449 0.6595492 0.6589561 0.6581829 0.6579882
0.6595807 0.6603662 0.6577857 0.6514387 0.6510386
0.6506667 0.6502813 0.6512866 0.6509434 0.6509434
0.6525324 0.6525324 0.6519435 0.6523403
