Iteration 1
0.8964374 0.8995828 0.9133643 0.9086392 0.9122517
0.9139548 0.9151798 0.9219935 0.9232017 0.917782
0.911651 0.9174211 0.9180869 0.9173758 0.9176729
0.9236205 0.9191257 0.9248991 0.9300323 0.9283221
0.9275362 0.9270777 0.9284374 0.9244373 0.9252211
0.9251007 0.9291254 0.9317034 0.9347301 0.9340747
0.9342872 0.9345001 0.9365462 0.934644 0.9376839
0.9371853 0.9382848 0.9372363 0.939984 0.9394505
0.9403938 0.9393294 0.9412078 0.9400531
Iteration 2
0.8912437 0.8987129 0.9098925 0.9105423 0.9158674
0.9142069 0.9159341 0.9178082 0.9178532 0.9126481
0.9119514 0.9166896 0.9175371 0.9221201 0.9167811
0.9229513 0.9240302 0.9238303 0.9274194 0.9230769
0.9269603 0.9310345 0.9273653 0.9245182 0.924933
0.9270249 0.9279786 0.9321989 0.9313018 0.9350161
0.9348001 0.93641 0.937149 0.9365462 0.934322
0.9372185 0.9374669 0.9392324 0.9397012 0.9397975
0.9403621 0.9405809 0.9406125 0.9396574
Iteration 3
0.8887039 0.8982338 0.90874 0.9141607 0.9114483
0.9134509 0.9138927 0.9217014 0.9178082 0.9144429
0.9113994 0.9159341 0.9186366 0.9188596 0.9173014
0.9222826 0.9214831 0.9187415 0.9286287 0.9260951
0.9273653 0.9285141 0.9309228 0.9288009 0.9243968
0.9262821 0.9283805 0.9312 0.9314195 0.9347651
0.9354407 0.9364782 0.9344609 0.9351753 0.9359764
0.9387755 0.9387755 0.9403303 0.9397975 0.9397333
0.9403303 0.9417398 0.9414582 0.9402708
Iteration 4
0.8921104 0.8996074 0.9092914 0.9109401 0.9128035
0.916507 0.9120575 0.914537 0.9174211 0.9141138
0.9111479 0.9158879 0.9169417 0.917718 0.9151515
0.9200108 0.9220284 0.9252286 0.9276368 0.9265141
0.9275362 0.9273264 0.931016 0.9244107 0.9245586
0.9285523 0.9263214 0.9296896 0.9324827 0.9361588
0.9365122 0.9337222 0.9376505 0.9348924 0.934927
0.9381333 0.9377172 0.9378169 0.9411451 0.9395151
0.9392648 0.9407073 0.9423332 0.9407703
Iteration 5
0.8915198 0.8998331 0.9066814 0.90874 0.9145839
0.9143487 0.9161644 0.9163696 0.9213726 0.9168945
0.9110988 0.9158879 0.9182494 0.9182217 0.9155898
0.9214209 0.9221133 0.9244014 0.9268556 0.9269603
0.9272874 0.9269876 0.9292225 0.9253491 0.9252211
0.9292274 0.9283422 0.9331202 0.9332975 0.9332273
0.934322 0.9345349 0.9337206 0.9359894 0.9380673
0.9376839 0.9386012 0.9402985 0.9411138 0.9386667
0.9406125 0.9401118 0.9409574 0.9421444
Iteration 6
0.8883388 0.8982908 0.9077858 0.9070796 0.9150219
0.9168945 0.914537 0.917718 0.9181495 0.9167579
0.9104972 0.9161397 0.9178346 0.9178346 0.917033
0.9179446 0.9220284 0.92432 0.9278461 0.9277464
0.9257572 0.9270386 0.9274431 0.925181 0.926672
0.9278963 0.9271806 0.9301706 0.9361245 0.9330156
0.9367292 0.9350649 0.9353391 0.9371826 0.9339347
0.9371186 0.9371519 0.9392324 0.9394828 0.9394182
0.9411451 0.940926 0.9417708 0.9402073
Iteration 7
0.8932631 0.8975937 0.9086392 0.9132695 0.9152263
0.9136552 0.9134853 0.9181398 0.9186524 0.9160724
0.9129956 0.9165294 0.9174917 0.9211823 0.9189485
0.9223327 0.9229513 0.9243743 0.9277238 0.9279957
0.9284374 0.9270386 0.9291254 0.9256775 0.9256775
0.9280171 0.9296306 0.934695 0.9314559 0.935051
0.9335099 0.9367292 0.9356568 0.9354239 0.9366216
0.9380011 0.9363976 0.9405492 0.940048 0.9389496
0.940048 0.9401118 0.9390018 0.9408017
Iteration 8
0.8950276 0.8972277 0.9089404 0.9073818 0.916507
0.913247 0.9168268 0.9153193 0.9167123 0.9156825
0.9125035 0.9173758 0.9140818 0.9215633 0.9183175
0.9232444 0.9246096 0.9229093 0.9277238 0.9269603
0.9268293 0.9268685 0.9277689 0.9271168 0.9252033
0.9255091 0.9275595 0.9334398 0.9332979 0.9322034
0.9340397 0.9337924 0.9328398 0.9377505 0.9360573
0.9377172 0.9366887 0.9364619 0.9402985 0.9392
0.9406125 0.9411451 0.939034 0.9401755
Iteration 9
0.8917411 0.8982338 0.9071823 0.9068804 0.9147244
0.9140496 0.9103448 0.9207037 0.9232017 0.9121362
0.9116998 0.9168035 0.9177442 0.9197716 0.9214943
0.9215476 0.9234958 0.9244014 0.9277238 0.9270805
0.9267507 0.9265021 0.9274042 0.9291633 0.9248524
0.9278627 0.9309601 0.9317034 0.9347301 0.9358734
0.9338274 0.9364782 0.9340021 0.9368646 0.9383178
0.9380011 0.937149 0.9383836 0.9389821 0.9376321
0.9403303 0.9412078 0.9415205 0.9413326
Iteration 10
0.8885832 0.8973427 0.9075862 0.9077348 0.9152728
0.9174863 0.9146946 0.9167573 0.9173056 0.9131992
0.9113994 0.9165294 0.9178797 0.9173304 0.9150399
0.9240816 0.9214831 0.9237402 0.9271058 0.928073
0.9272092 0.9287245 0.9301322 0.9248712 0.9249265
0.9289381 0.9255007 0.9323388 0.9332979 0.9337222
0.9367292 0.932909 0.9345301 0.9349615 0.9377505
0.9365079 0.9365079 0.9390146 0.9397333 0.940926
0.9398296 0.9409888 0.9410202 0.939034
Iteration 11
0.8919822 0.8981196 0.9077348 0.9135194 0.9147883
0.9134986 0.91449 0.9217014 0.9209529 0.9115459
0.9116998 0.9155433 0.9219048 0.9173304 0.9137503
0.9199785 0.9181046 0.9254775 0.9270249 0.9276687
0.9271989 0.9276527 0.9281886 0.9255976 0.9257174
0.9266988 0.9292657 0.9324109 0.9329787 0.9349812
0.9329446 0.9346787 0.9373326 0.9343609 0.936588
0.9367558 0.9379639 0.9386994 0.9414582 0.9395151
0.9398296 0.9382911 0.9417708 0.9410828
Iteration 12
0.8901221 0.8983146 0.9090909 0.9144107 0.9156164
0.9134032 0.9118054 0.9159595 0.9173508 0.9135463
0.9127554 0.9213605 0.9166439 0.9208083 0.9160098
0.9202586 0.9238717 0.9238223 0.9271845 0.9269085
0.9283606 0.9274042 0.9285141 0.9279616 0.9245638
0.9283422 0.9272194 0.9331558 0.9332624 0.9330156
0.9347651 0.9332273 0.9359008 0.9362614 0.9351753
0.9379679 0.9377837 0.9383178 0.9371879 0.9389496
0.9397655 0.9406125 0.9418018 0.940239
Iteration 13
0.8961146 0.8982103 0.9122231 0.9066298 0.9156164
0.9142542 0.9133772 0.9168724 0.9160263 0.914176
0.911651 0.9158879 0.9184738 0.9220673 0.9198701
0.9219048 0.9225314 0.9200982 0.9277238 0.9271701
0.9277011 0.9294118 0.9303456 0.9305556 0.9256376
0.9262537 0.9293038 0.9317034 0.9329431 0.9336557
0.9342524 0.934322 0.933439 0.9346093 0.934927
0.9375 0.9366887 0.9370556 0.9407073 0.9392
0.939034 0.9395151 0.9412078 0.9415515
Iteration 14
0.8902372 0.9008909 0.9055249 0.9114898 0.9156164
0.916302 0.9070735 0.9171695 0.916507 0.9129838
0.9111479 0.91449 0.9182217 0.917285 0.9176729
0.9200546 0.9219006 0.9206868 0.9253491 0.9276687
0.9281501 0.9261637 0.9274042 0.9279786 0.9241048
0.9275595 0.9271028 0.9292177 0.9332979 0.9347826
0.9329801 0.9337573 0.9359346 0.9358974 0.9365801
0.9371826 0.9374666 0.9403303 0.9414582 0.9392324
0.9390146 0.9401118 0.9412078 0.9407388
Iteration 15
0.8958276 0.8981533 0.9124726 0.9097931 0.9122032
0.9134509 0.9170306 0.916918 0.9221201 0.9211099
0.9123001 0.9160473 0.9161858 0.9185632 0.9191559
0.9231189 0.9210598 0.9234501 0.9283422 0.9272874
0.9265384 0.9274431 0.9269076 0.9282655 0.9275676
0.9276067 0.9289765 0.9311719 0.9347651 0.9337924
0.9335099 0.9345695 0.9359764 0.9346093 0.9356632
0.9385684 0.9377172 0.9386012 0.9395151 0.9403303
0.9368226 0.9404255 0.9407703 0.9418018
Iteration 16
0.8920423 0.8988512 0.9100938 0.9084895 0.9133425
0.9143015 0.9085366 0.916621 0.917124 0.9126962
0.9134032 0.9162778 0.9178797 0.922827 0.91449
0.923579 0.9212319 0.9238717 0.9284364 0.9262873
0.92794 0.9287245 0.9271949 0.9258463 0.92679
0.9285328 0.9265295 0.9317204 0.9335813 0.9335451
0.9358734 0.9335803 0.9345301 0.9354924 0.9377505
0.9379639 0.9388518 0.9384164 0.9408946 0.9387216
0.9411451 0.9412078 0.9420213 0.9416136
Iteration 17
0.8934038 0.8974215 0.9074841 0.9071823 0.9131034
0.9175314 0.9139401 0.9154775 0.9213301 0.912
0.9116998 0.9165294 0.9185919 0.918429 0.9157151
0.9233279 0.9261271 0.9243607 0.9279352 0.9283221
0.9277402 0.9260846 0.9279786 0.925309 0.9244373
0.9253012 0.9287257 0.9348001 0.9341575 0.9340048
0.932626 0.9340048 0.9373326 0.934644 0.9342175
0.9345349 0.9371826 0.9388844 0.9373354 0.9392324
0.9395473 0.9411765 0.9414894 0.9404255
Iteration 18
0.8920943 0.9018627 0.9083379 0.9074841 0.9136414
0.9128997 0.9117971 0.9153846 0.9175116 0.9112033
0.9139109 0.9154311 0.9192751 0.917124 0.9146946
0.9203445 0.9220708 0.9191257 0.9283422 0.9268817
0.9284758 0.9259657 0.925916 0.9260742 0.9246204
0.9288009 0.9266862 0.9304186 0.9335486 0.9340397
0.9367631 0.9359421 0.9335092 0.9374332 0.9345695
0.9373997 0.9375 0.9391676 0.9395151 0.938917
0.9398296 0.9401118 0.9423945 0.9413015
Iteration 19
0.8899362 0.8975364 0.9092914 0.9114411 0.9153193
0.9160973 0.9153846 0.9160263 0.916918 0.9188596
0.9123484 0.9167811 0.9183393 0.9213545 0.9161397
0.9202586 0.9239452 0.9249395 0.9292059 0.9277076
0.9280344 0.9266595 0.9295095 0.9256775 0.9243113
0.9275595 0.9284188 0.9306036 0.9329787 0.9353367
0.9341096 0.9351901 0.9365801 0.937048 0.9337942
0.9363296 0.9383507 0.9386667 0.940926 0.9395151
0.9395795 0.940926 0.9409888 0.9399894
Iteration 20
0.889011 0.8976731 0.9079383 0.9101433 0.912097
0.9135463 0.9134378 0.9206177 0.9171452 0.9127923
0.9138638 0.9192445 0.915115 0.9211823 0.9151432
0.9223645 0.9224068 0.9245795 0.928953 0.9277076
0.9281469 0.9286287 0.9274431 0.9253491 0.9255976
0.9268553 0.9278573 0.931062 0.9307141 0.9340397
0.9340397 0.9340048 0.933439 0.9356568 0.9379679
0.9368984 0.9371826 0.9405809 0.9408946 0.9395151
0.9397333 0.9409574 0.9414582 0.9408017
Iteration 21
0.8936288 0.897479 0.9086897 0.9094423 0.9134378
0.9151515 0.9114971 0.9205316 0.9169636 0.9150505
0.9125035 0.9152449 0.9175371 0.9177632 0.9155433
0.9206776 0.9262073 0.9240711 0.9275595 0.9260363
0.9288972 0.9254292 0.9284374 0.9260054 0.9262141
0.9262141 0.9275053 0.9325186 0.9329431 0.9319926
0.9350993 0.9356913 0.935552 0.9368646 0.936648
0.9382518 0.9375334 0.9367756 0.9397975 0.9403938
0.9400799 0.9406757 0.9409574 0.9408017
Iteration 22
0.8885228 0.8989079 0.9091411 0.9083379 0.9147712
0.9141442 0.911105 0.916621 0.9172149 0.9140496
0.9127554 0.9161397 0.918429 0.9181046 0.9176277
0.9205494 0.9254374 0.9194209 0.9267507 0.926921
0.9271701 0.9271559 0.9307091 0.9266202 0.9226638
0.9281709 0.9278846 0.9303562 0.9355878 0.9353367
0.9331919 0.9354497 0.9369321 0.9362272 0.9342872
0.936648 0.9385684 0.9373354 0.9403303 0.9392971
0.9395151 0.9404255 0.9409888 0.9407388
Iteration 23
0.895719 0.8975582 0.9074841 0.9077858 0.9150685
0.9171905 0.9132345 0.9169636 0.917009 0.9186524
0.9128035 0.9162318 0.9188746 0.9188151 0.9147203
0.9205494 0.9230351 0.9243607 0.9281709 0.9222403
0.9280692 0.9264627 0.9304207 0.9252211 0.9243156
0.9264509 0.9271417 0.9335813 0.9347301 0.9335099
0.934322 0.9342524 0.9334038 0.9338294 0.9352785
0.9382848 0.9386012 0.9392 0.9406125 0.9389496
0.9395151 0.9414582 0.9414894 0.9410515
Iteration 24
0.8936526 0.8996074 0.9080872 0.9078875 0.9117485
0.9137503 0.9149931 0.9173758 0.9190372 0.9168724
0.912 0.9165303 0.9175371 0.9170785 0.9191974
0.9204208 0.9241642 0.9234088 0.9263555 0.9274584
0.9279014 0.9280692 0.9305184 0.9283805 0.9257174
0.9291633 0.9276368 0.9301832 0.9332269 0.9326974
0.9359421 0.9353471 0.9347424 0.9357067 0.936407
0.9363296 0.9375 0.940048 0.9392 0.9395151
0.9402985 0.9406441 0.9414582 0.9407388
Iteration 25
0.8893204 0.9019172 0.9086392 0.9111905 0.9123001
0.9173056 0.9093923 0.9122231 0.9213301 0.912097
0.9113505 0.9168724 0.9183393 0.9230769 0.9196211
0.9201398 0.9234501 0.9237402 0.9263555 0.927824
0.9284374 0.9274042 0.9301579 0.9275207 0.9272874
0.9262032 0.9299191 0.9315579 0.9339065 0.9344791
0.9327687 0.933687 0.9360803 0.9357408 0.9360234
0.9377172 0.9366552 0.9388844 0.9367422 0.9403938
0.9398296 0.9406441 0.9400799 0.9408017
Iteration 26
0.8906077 0.8976157 0.9089906 0.9088901 0.9142701
0.9137503 0.9070735 0.9154311 0.9148352 0.9165983
0.9142542 0.9209454 0.9180869 0.9187706 0.9152915
0.9223744 0.9242343 0.9205569 0.9256775 0.9263045
0.9279786 0.9281501 0.9286101 0.9301952 0.9244373
0.9290914 0.9285136 0.9306404 0.9330144 0.9335803
0.9324861 0.9336518 0.9374332 0.9374666 0.9366216
0.9366216 0.9380673 0.9386339 0.9403621 0.9403621
0.9411765 0.9403938 0.9420213 0.9405836
Iteration 27
0.8908587 0.8957399 0.9079348 0.9118374 0.9153657
0.9157549 0.9112459 0.9159802 0.9230769 0.91449
0.9155433 0.9167354 0.9174917 0.9191559 0.9151798
0.9203445 0.9210598 0.92432 0.9252842 0.9264232
0.9285141 0.9253811 0.9281501 0.9277793 0.925309
0.9265688 0.9275595 0.9313099 0.9330144 0.932626
0.9334394 0.9339698 0.9380342 0.9368646 0.937149
0.9374669 0.9374666 0.9385684 0.9367756 0.9389496
0.9389496 0.9398296 0.9423026 0.9418636
Iteration 28
0.8912983 0.8978676 0.9057751 0.907433 0.9160055
0.9151047 0.9150399 0.9177632 0.9171695 0.9131514
0.9122032 0.9144429 0.9178346 0.9177632 0.9180239
0.9200546 0.9221133 0.9240302 0.9274737 0.9285714
0.9274973 0.928877 0.9273653 0.9251409 0.9244373
0.9278075 0.9263214 0.9324109 0.9321989 0.9329801
0.9339698 0.9345349 0.9331925 0.934644 0.9371826
0.9388518 0.9377172 0.9392 0.9406125 0.9394828
0.9409574 0.9414582 0.9409574 0.9405836
Iteration 29
0.8895058 0.9006142 0.9084895 0.911789 0.9114971
0.9140496 0.9111479 0.9168724 0.9170999 0.9164391
0.9152449 0.9162318 0.9179248 0.9216165 0.9155313
0.9227421 0.9233261 0.9257665 0.9280129 0.9262473
0.9281886 0.9275284 0.9268685 0.9261348 0.924806
0.9277011 0.9296306 0.9321851 0.9302821 0.935051
0.9370142 0.9332273 0.9331219 0.9343958 0.9361251
0.9382848 0.9382781 0.9397333 0.9402985 0.940048
0.9403303 0.9380111 0.940926 0.9387863
Iteration 30
0.895621 0.8991338 0.9090909 0.913222 0.9122032
0.9137503 0.9156825 0.9155898 0.9176471 0.9182217
0.9144575 0.9157953 0.9182116 0.9168724 0.9178194
0.9228673 0.9237402 0.9191257 0.9273562 0.9273803
0.9286872 0.9251007 0.9296306 0.928839 0.9246612
0.926608 0.928953 0.9331914 0.9326949 0.935302
0.9362614 0.9340397 0.9331572 0.9340426 0.9380011
0.9374669 0.9366216 0.9397655 0.9386339 0.9384492
0.9414271 0.9422411 0.9418018 0.9418636
